H1 = [
    [1,1,1,1,0,0,0,0,0,0,0,0,0,0,0,0,0,0,0,0],
    [0,0,0,0,1,1,1,1,0,0,0,0,0,0,0,0,0,0,0,0],
    [0,0,0,0,0,0,0,0,1,1,1,1,0,0,0,0,0,0,0,0],
    [0,0,0,0,0,0,0,0,0,0,0,0,1,1,1,1,0,0,0,0],
    [0,0,0,0,0,0,0,0,0,0,0,0,0,0,0,0,1,1,1,1],

    [1,0,0,0,1,0,0,0,1,0,0,0,1,0,0,0,0,0,0,0],
    [0,1,0,0,0,1,0,0,0,1,0,0,0,0,0,0,1,0,0,0],
    [0,0,1,0,0,0,1,0,0,0,0,0,0,1,0,0,0,1,0,0],
    [0,0,0,1,0,0,0,0,0,0,1,0,0,0,1,0,0,0,1,0],
    [0,0,0,0,0,0,0,1,0,0,0,1,0,0,0,1,0,0,0,1],

    [1,0,0,0,0,1,0,0,0,0,0,1,0,0,0,0,0,1,0,0],
    [0,1,0,0,0,0,1,0,0,0,1,0,0,0,0,1,0,0,0,0],
    [0,0,1,0,0,0,0,1,0,0,0,0,1,0,0,0,0,0,1,0],
    [0,0,0,1,0,0,0,0,1,0,0,0,0,1,0,0,1,0,0,0],
    [0,0,0,0,1,0,0,0,0,1,0,0,0,0,1,0,0,0,0,1]
]

H2 = [P^|I]
H2 = [
    [1,1,1,0,0,0,1,0,0,0,0],
    [0,0,0,1,1,1,0,1,0,0,0],
    [1,0,0,1,0,0,0,0,1,0,0],
    [0,1,0,0,1,0,0,0,0,1,0],
    [0,0,1,0,0,1,0,0,0,0,1],
]


G2 = [I|P]
G2 = [
    [1,0,0,0,0,0,1,0,1,0,0],
    [0,1,0,0,0,0,1,0,0,1,0],
    [0,0,1,0,0,0,1,0,0,0,1],
    [0,0,0,1,0,0,0,1,1,0,0],
    [0,0,0,0,1,0,0,1,0,1,0],
    [0,0,0,0,0,1,0,1,0,0,1],
]
