H1 = [
    [1,1,1,1,0,0,0,0,0,0,0,0,0,0,0,0,0,0,0,0],
    [0,0,0,0,1,1,1,1,0,0,0,0,0,0,0,0,0,0,0,0],
    [0,0,0,0,0,0,0,0,1,1,1,1,0,0,0,0,0,0,0,0],
    [0,0,0,0,0,0,0,0,0,0,0,0,1,1,1,1,0,0,0,0],
    [0,0,0,0,0,0,0,0,0,0,0,0,0,0,0,0,1,1,1,1],

    [1,0,0,0,1,0,0,0,1,0,0,0,1,0,0,0,0,0,0,0],
    [0,1,0,0,0,1,0,0,0,1,0,0,0,0,0,0,1,0,0,0],
    [0,0,1,0,0,0,1,0,0,0,0,0,0,1,0,0,0,1,0,0],
    [0,0,0,1,0,0,0,0,0,0,1,0,0,0,1,0,0,0,1,0],
    [0,0,0,0,0,0,0,1,0,0,0,1,0,0,0,1,0,0,0,1],

    [1,0,0,0,0,1,0,0,0,0,0,1,0,0,0,0,0,1,0,0],
    [0,1,0,0,0,0,1,0,0,0,1,0,0,0,0,1,0,0,0,0],
    [0,0,1,0,0,0,0,1,0,0,0,0,1,0,0,0,0,0,1,0],
    [0,0,0,1,0,0,0,0,1,0,0,0,0,1,0,0,1,0,0,0],
    [0,0,0,0,1,0,0,0,0,1,0,0,0,0,1,0,0,0,0,1]
]

H2 = [P^|I]
H2 = [
    [1,1,1,0,0,0|1,0,0,0,0],
    [0,0,0,1,1,1|0,1,0,0,0],
    [1,0,0,1,0,0|0,0,1,0,0],
    [0,1,0,0,1,0|0,0,0,1,0],
    [0,0,1,0,0,1|0,0,0,0,1],
]


G2 = [I|P]
G2 = [
    [1,0,0,0,0,0|1,0,1,0,0],
    [0,1,0,0,0,0|1,0,0,1,0],
    [0,0,1,0,0,0|1,0,0,0,1],
    [0,0,0,1,0,0|0,1,1,0,0],
    [0,0,0,0,1,0|0,1,0,1,0],
    [0,0,0,0,0,1|0,1,0,0,1],
]

H3 = [A3|B3]
H3 = [
    [0,0,1,0,0,0,0,1,0,1,0,0,1,0,0,0];
    [0,0,0,1,0,0,1,0,1,0,0,0,1,0,0,0];
    [0,1,0,0,1,0,1,0,0,1,0,0,0,0,0,0];
    [0,0,0,1,0,1,0,0,0,0,1,0,0,1,0,0];
    [0,0,1,0,0,0,0,0,1,0,0,0,0,0,1,1];
    [1,0,0,0,0,1,0,0,1,1,0,0,0,0,0,0];
    [0,0,0,1,0,0,0,1,0,0,0,1,0,0,1,0];
    [0,1,0,0,0,1,0,0,0,0,0,1,0,0,0,1];
    [1,0,0,0,0,0,1,0,0,0,0,0,0,1,0,1];
    [0,0,1,0,1,0,0,0,0,0,0,1,0,1,0,0];
    [0,1,0,0,0,0,0,0,0,0,1,0,1,0,1,0];
    [1,0,0,0,1,0,0,1,0,0,1,0,0,0,0,0];
]

A3 = [
    [0,0,1,0];
    [0,0,0,1];
    [0,1,0,0];
    [0,0,0,1];
    [0,0,1,0];
    [1,0,0,0];
    [0,0,0,1];
    [0,1,0,0];
    [1,0,0,0];
    [0,0,1,0];
    [0,1,0,0];
    [1,0,0,0];
]

B3 = [
    [0,0,0,1,0,1,0,0,1,0,0,0];
    [0,0,1,0,1,0,0,0,1,0,0,0];
    [1,0,1,0,0,1,0,0,0,0,0,0];
    [0,1,0,0,0,0,1,0,0,1,0,0];
    [0,0,0,0,1,0,0,0,0,0,1,1];
    [0,1,0,0,1,1,0,0,0,0,0,0];
    [0,0,0,1,0,0,0,1,0,0,1,0];
    [0,1,0,0,0,0,0,1,0,0,0,1];
    [0,0,1,0,0,0,0,0,0,1,0,1];
    [1,0,0,0,0,0,0,1,0,1,0,0];
    [0,0,0,0,0,0,1,0,1,0,1,0];
    [1,0,0,1,0,0,1,0,0,0,0,0];
]
